1000110
1000210
1000310
1000410
1000510
1000610
1000710
1000810
1000910
1001010
1001110
1001210
1001310
1001410
1001510
1001610
1001710
1001810
1001910
1002010
1002110
1002210
1002310
1002410
1002510
1002610
1002710
1002810
1002910
1003010
1000111
1000211
1000311
1000411
1000511
1000611
1000711
1000811
1000911
1001011
1001111
1001211
1001311
1001411
1001511
1001611
1001711
1001811
1001911
1002011
1002111
1002211
1002311
1002411
1002511
1002611
1002711
1002811
1002911
1003011
1000112
1000212
1000312
1000412
1000512
1000612
1000712
1000812
1000912
1001012
1001112
1001212
1001312
1001412
1001512
1001612
1001712
1001812
1001912
1002012
1002112
1002212
1002312
1002412
1002512
1002612
1002712
1002812
1002912
1003012
1000113
1000213
1000313
1000413
1000513
1000613
1000713
1000813
1000913
1001013
1001113
1001213
1001313
1001413
1001513
1001613
1001713
1001813
1001913
1002013
1002113
1002213
1002313
1002413
1002513
1002613
1002713
1002813
1002913
1003013
1000114
1000214
1000314
1000414
1000514
1000614
1000714
1000814
1000914
1001014
1001114
1001214
1001314
1001414
1001514
1001614
1001714
1001814
1001914
1002014
1002114
1002214
1002314
1002414
1002514
1002614
1002714
1002814
1002914
1003014
1000115
1000215
1000315
1000415
1000515
1000615
1000715
1000815
1000915
1001015
1001115
1001215
1001315
1001415
1001515
1001615
1001715
1001815
1001915
1002015
1002115
1002215
1002315
1002415
1002515
1002615
1002715
1002815
1002915
1003015
1000116
1000216
1000316
1000416
1000516
1000616
1000716
1000816
1000916
1001016
1001116
1001216
1001316
1001416
1001516
1001616
1001716
1001816
1001916
1002016
1002116
1002216
1002316
1002416
1002516
1002616
1002716
1002816
1002916
1003016
1000117
1000217
1000317
1000417
1000517
1000617
1000717
1000817
1000917
1001017
1001117
1001217
1001317
1001417
1001517
1001617
1001717
1001817
1001917
1002017
1002117
1002217
1002317
1002417
1002517
1002617
1002717
1002817
1002917
1003017
1000118
1000218
1000318
1000418
1000518
1000618
1000718
1000818
1000918
1001018
1001118
1001218
1001318
1001418
1001518
1001618
1001718
1001818
1001918
1002018
1002118
1002218
1002318
1002418
1002518
1002618
1002718
1002818
1002918
1003018
1000119
1000219
1000319
1000419
1000519
1000619
1000719
1000819
1000919
1001019
1001119
1001219
1001319
1001419
1001519
1001619
1001719
1001819
1001919
1002019
1002119
1002219
1002319
1002419
1002519
1002619
1002719
1002819
1002919
1003019
1000120
1000220
1000320
1000420
1000520
1000620
1000720
1000820
1000920
1001020
1001120
1001220
1001320
1001420
1001520
1001620
1001720
1001820
1001920
1002020
1002120
1002220
1002320
1002420
1002520
1002620
1002720
1002820
1002920
1003020
1000121
1000221
1000321
1000421
1000521
1000621
1000721
1000821
1000921
1001021
1001121
1001221
1001321
1001421
1001521
1001621
1001721
1001821
1001921
1002021
1002121
1002221
1002321
1002421
1002521
1002621
1002721
1002821
1002921
1003021
